-1.2803652
-1.7659322
-0.6837739
-1.282738
-1.202289
-2.1930432
-0.023659766
-0.22418384
-0.2577407
0.2004646
-0.20509416
-0.11088385
0.12132828
-0.121953905
0.2019206
0.16813836
-0.75536025
0.09825447
-0.17198348
-0.13878436
-0.5020088
-0.3277591
0.21630162
0.7799248
-0.04957519
-0.31908178
0.38717425
-0.2569758
0.3373298
0.3406734
0.20879844
0.943647
-0.23020613
0.34316397
-0.5116343
0.28726137
0.42759195
0.7426796
0.35691452
-0.3335782
-0.14653713
-0.31469005
0.088531956
-0.28957462
0.5722047
-0.13440011
0.19946888
-1.0949714
-0.67966056
-0.44695306
0.5346477
0.26255193
0.20426887
0.065115765
0.45616218
0.38203004
-0.0028386116
0.3884271
0.20785692
-0.34927535
-0.84758234
0.2944558
-0.0822595
-0.2406431
0.5883535
-0.80240303
0.085726984
-0.39967018
-0.3882355
0.20922287
0.03670735
-0.044817843
0.059620634
-0.85603315
-0.14920901
-0.68367755
0.3180642
-0.53819495
0.07062589
-0.34944904
-0.2884076
0.011370057
-0.47123954
0.2801336
0.22894344
-0.9069488
0.002259381
0.24167949
0.17589848
0.032112733
0.65418565
0.26665965
-0.38020694
0.01917204
-0.40211034
0.8935624
0.21145025
-0.10071649
0.26025438
0.5003159
-0.28480053
0.8000665
0.4163723
0.2109338
0.2001707
-0.39595252
0.10584102
0.1340699
-0.2965223
0.44171414
-0.24020109
0.05300819
-0.08910753
0.025066826
-0.59138846
0.6779294
0.4978674
0.29343712
0.406974
-0.12576286
0.44831112
0.45916614
-0.62396747
0.6307477
0.4781075
-0.17504358
-0.23540615
-0.7755076
-0.80293536
0.40141276
0.18755564
-0.15861537
-0.27803606
-0.3323416
-0.6129559
-0.55185914
-0.2610962
-0.5621893
-0.3236886
0.06561229
-0.5018125
-0.41896212
0.1265683
0.16290249
-0.001992667
-0.18562284
0.14789811
-0.37456784
-0.31326
0.08609416
-0.10372512
0.5389583
0.61174023
-0.08204237
-0.049380988
0.07701458
0.8967669
0.3355506
0.056768727
0.84676504
-0.23534237
0.7098039
-0.18388386
-0.5189205
0.638723
0.09515064
-0.3648941
0.001949067
0.33358303
-0.38042998
-0.4524128
0.15003067
-0.49880207
-0.23588802
-0.7202356
-0.1963923
0.46955425
-0.368528
-0.04106705
-0.06789766
-0.6861801
0.4096493
-0.48346016
-0.1874038
-0.635688
-0.57246655
-0.4906673
-0.24729803
-1.0984548
-1.0091697
0.2919677
-0.20730326
-0.41809028
-1.0852054
-1.0888896
-0.41121146
0.14419368
-0.037723362
-0.36886522
-0.6618787
0.65477663
-0.3307419
0.20046158
-0.40394384
-0.3650898
-0.0275427
0.17451045
-0.1072815
0.5483299
0.12776102
-0.032101184
-0.08923836
0.34223425
0.30700704
0.5011124
-0.24672276
0.5079935
-0.39459604
0.3713847
-0.7914338
-0.19439499
0.4264357
0.13215086
-0.012361437
-0.46888003
-0.39915478
-0.22467968
-0.15046416
0.54634595
-0.14611278
-0.62387943
0.3681796
-0.81413627
-0.16763622
0.37835875
-0.07602288
-0.6191077
-0.09101564
0.05495543
-0.027676206
-0.76483506
-0.39881885
-0.57071483
-0.30270424
-0.14822194
-0.061209306
-0.62157357
0.03104393
-1.1990254
-0.015389543
-0.39195243
-0.74602866
0.18196866
0.14556968
0.3805287
-0.6564951
-0.40551117
-0.53183967
-0.35403293
-0.11337039
0.23898628
-0.20969515
-0.2028653
-0.25543845
-0.6532384
-0.25668007
-0.018831454
-0.025539905
-0.17300583
-0.56966513
0.28342086
0.21327832
-0.5173127
-0.7226365
-0.3396679
0.49734002
-0.10665563
-0.43510133
0.8115305
0.4627356
-0.31599006
0.0315993
0.7269119
0.4438055
-0.623515
-0.6291517
0.14792348
-0.32505572
0.37574935
-0.8881402
-0.74421746
-0.27047724
-0.32558435
0.63363785
-0.24204554
0.52734464
-0.41895646
0.14345054
0.090537705
0.2683483
-0.50361836
-0.3414349
-0.59009826
-0.22091232
0.2558529
0.3771478
0.01002224
-0.27834076
-0.13316792
-0.4110798
-0.07258573
-0.1242807
-0.37528333
-0.1613494
0.4291591
-0.2088516
0.30481988
0.0745662
-0.62690824
-0.25879288
0.90560627
-0.55801386
0.011463363
-0.5752286
0.04093217
-0.010870345
0.6611932
-1.0367575
-0.11145723
-0.12075385
-0.11152591
-0.3618182
0.66781175
-0.54110587
0.30104944
0.22781575
-0.09707467
0.4005762
0.20546372
0.23918861
-0.41938773
0.4905909
-0.277041
-0.380684
-0.528357
0.29341933
0.39367622
-0.41052464
0.0013391152
-0.2735954
-0.1927541
-0.34539723
-0.8038577
0.08587478
0.92585886
0.44924292
-0.72702163
0.2689836
0.44216532
-0.64764297
0.11465185
-0.06801346
-0.03513798
-0.34875906
-0.5597004
0.6215911
0.29129153
-0.16670449
-0.1377681
-0.08544892
-1.0653474
-0.3802639
-0.029864602
0.23317388
0.20525587
0.25727
0.07180111
-0.7616092
-0.4153927
-0.36222437
-0.14744212
-0.8165435
-0.002604533
-0.16150531
0.1954282
-0.12920988
0.17178568
0.16412891
-0.3158332
0.5096339
0.27365926
0.12956716
-0.2954712
-0.7565688
-0.63993067
0.06752713
0.060545277
-0.61206675
0.25671414
0.044521634
-0.038133673
-0.11097625
0.16192062
-0.04115292
-0.23316897
-0.3466193
-0.028355561
0.09857117
0.38277987
-0.04903629
-0.59656745
-0.40208316
-0.20673706
0.021118466
-0.20641291
-0.35188058
-0.657716
-0.3057673
0.13096832
0.28241864
0.1820148
-0.055474456
-0.28658926
-0.14219576
-0.35864383
-0.3094119
0.14404179
-0.36158437
-0.35243967
0.45008162
0.46071085
-0.13846771
0.02207793
-0.007110498
-0.27122104
-0.45487797
-0.10106437
0.18588433
-0.2080088
0.5199594
0.028817955
-0.7997831
0.36613303
-0.33348963
-0.44704327
-0.27803484
0.7532809
-0.5034505
0.062095217
-0.46473172
0.09261635
-0.17187172
0.5813216
-0.1650959
0.123208314
0.35608727
-0.4987421
-0.6421964
0.40196347
-0.36259666
-0.5206959
0.034630068
0.35714996
-0.13319491
-0.84069955
-0.22082773
-0.37732992
-0.1944874
-0.37264785
-0.8981286
-0.6010501
-0.2892773
0.053591885
0.5115949
0.15401897
-0.12603465
-0.25602147
0.06443602
-0.061595757
-0.18725033
-0.016678337
-0.3166483
-0.9230545
0.16858597
-0.30525994
0.42275274
-0.39582077
0.041526195
-0.50208175
-0.32013184
0.29030424
-0.11355831
0.18363643
0.34324133
0.03657142
-0.34653264
-0.09052062
-0.032796532
0.20587601
-0.097494125
0.7764844
-0.41864035
-0.37503716
0.2907932
-0.13432525
0.09881307
0.6997119
-0.6268884
-0.12755147
-0.5794635
0.37067857
-0.21196541
0.14833915
0.1882312
0.21095483
-0.02135592
0.37993544
-0.024778008
0.06723595
0.3385267
0.32064894
0.009977531
-0.27315068
-0.04728406
-0.5889673
0.8707916
-0.009971391
-0.07767141
0.3866646
0.33326674
-0.27210012
0.20207162
-0.29682878
-0.20432414
-0.56092274
0.16200612
-0.1986738
0.74778134
-0.018623037
-0.10799778
0.04879597
-0.34399235
-0.030849073
-0.5006972
0.35319334
-0.11356003
-0.03435474
0.8540128
0.2540832
-0.12107205
0.53150225
0.34464756
-0.38160267
0.51019496
0.006687334
-0.016094364
0.5197811
-0.41989356
-0.45916048
-0.23211786
-0.06585829
0.31413123
-0.17195207
-0.20122293
-0.4401542
0.34207922
1.271359
-0.04827407
-0.08297914
0.03267823
-0.21246509
-0.7120787
-0.22062805
0.30083355
-0.19472528
-0.332665
-0.51967746
0.039041247
0.14369994
0.7223707
-0.03404236
-0.5386102
-0.006376836
0.100461386
-0.55677915
0.3260033
0.38536856
-0.17775948
0.36104578
-0.29265994
-0.8767533
0.17731343
-0.47428867
-0.21123375
0.700496
-0.3157338
-0.39520025
0.6478394
0.13566598
0.13368316
-0.175335
0.31989655
-0.61192334
-0.08179866
0.44576958
-0.10468182
-0.08487924
-0.03539317
-0.08694838
0.044880357
-0.05638424
0.034216464
0.07077126
0.059745766
-0.010441263
0.032837182
-0.01745498
0.0065505
0.018404566
-0.014717
0.016685871
-0.04876271
0.03951783
0.09349492
0.006909174
0.019716527
-0.011740831
-0.07850669
-0.0027394553
-0.029697737
-0.023343733
0.051622093
0.051354755
0.052087795
0.010209258
-0.065502025
-0.023975594
-0.059691247
0.06569919
0.07579384
-0.039058898
0.053488113
-0.02620219
0.014031654
0.04949013
-0.016452348
0.018021634
-0.06542876
-0.057199743
0.02315135
-0.029439464
0.075091876
0.013854661
0.05761242
0.045584086
-0.030600699
-0.09610696
0.0017432282
-0.07200852
-0.011367811
0.011751919
-0.04379772
-0.05608722
0.055016305
-0.020632844
-0.08782192
0.014262083
0.015185051
-0.06614464
-0.0010508741
-0.089427404
-0.025596883
0.058169205
0.03882867
0.047782168
-0.010964445
0.007290733
-0.024921902
-0.02334974
0.039886616
0.020447325
0.02385292
0.11259285
0.06773105
0.018828565
-0.015541081
-0.0669518
-0.06732632
0.057682887
-0.070911705
-0.091955
-0.09131306
-0.053731997
-0.04314799
-0.005340076
0.095467016
-0.042641714
0.019501427
-0.022460692
-0.035041355
0.03524676
-0.06980063
-0.08619468
-0.13976787
-0.058226965
0.024193723
0.026855357
0.010293489
-0.025128929
-0.057912022
-0.03067812
-0.020965058
-0.02314905
-0.06909983
-0.051633842
0.08569451
0.027410967
0.10462431
0.026534226
-0.11797975
-0.050646737
-0.04288962
-0.037614997
-0.1209219
-0.11116491
-0.0249789
0.08921844
-0.06422131
-0.026575103
-0.052628107
0.030276444
-0.048452385
-0.02033447
-0.017680265
-0.0060143014
-0.037738383
0.10131725
0.01139579
-0.07403082
-0.12073904
-0.14198884
-0.10136459
0.009297273
-0.035678696
-0.12402888
0.018778255
0.049121737
0.05887421
-0.014588542
-0.2283742
-0.10824411
-0.026000712
-0.026699586
-0.0029179214
0.0695393
0.15489127
0.09467106
0.007248184
-0.13963737
-0.046855513
-0.08976339
-0.11369014
0.01482775
0.018847711
0.14691263
0.091295116
-0.009037354
-0.07385351
-0.21530567
-0.18468833
-0.1874305
-0.04870054
-0.05652472
-0.08988814
-0.07755315
-0.06265611
-0.17984521
-0.19771335
-0.057295453
-0.0020612036
0.17154837
0.13876276
0.022626014
-0.012363731
-0.08093955
-0.07247711
-0.17687494
-0.17255913
-0.062202
-0.011030463
0.21906936
0.20829216
0.031157741
-0.15787666
-0.13532174
-0.3046694
-0.2809165
-0.08556943
0.124272786
0.16864057
-0.033559192
-0.13716334
-0.079223126
-0.11426049
-0.28169212
-0.14973584
-0.1552277
-0.094143674
-0.052833337
-0.10739454
-0.16834077
-0.17851885
0.050854035
-0.2806353
-0.0973341
-0.11593265
-0.050803408
-0.056003958
-0.07002383
-0.11616776
-0.03832646
0.05618464
-0.23392257
-0.15630235
-0.08558238
-0.0272964
-0.13615865
-0.08207426
0.06278504
0.044134635
0.019663328
-0.16593221
-0.11338025
-0.12304551
-0.13626166
-0.083735704
0.13622984
0.11642366
0.122681305
0.06954299
0.034053512
-0.118095435
-0.13755204
-0.089060806
0.09632722
0.18950987
0.17080593
0.05138519
0.06354909
0.044590756
-0.09121976
0.0031759208
-0.016744785
-0.053447623
-0.021809151
-0.026963761
-0.04003925
-0.08134849
0.041927785
-0.0060257735
0.06455096
0.013151039
-0.14096521
-0.12888253
-0.08632696
-0.13876797
-0.18891716
0.119044624
0.08223103
-0.040834013
-0.077635124
-0.16377808
-0.04967137
-0.048199046
-0.12994382
-0.13574743
0.17981015
0.044537697
0.044562895
-0.06337203
-0.056661762
-0.13653347
-0.06406315
-0.06536605
-0.05276999
0.101561554
0.05246377
-0.037039578
-0.07071502
-0.13491102
-0.0268359
0.0036574306
-0.036814548
-0.03936937
-0.012769785
0.04873009
-0.1036703
-0.04154688
-0.08846919
0.12159065
0.16872469
-0.0606665
-0.012212077
-0.1246126
0.0023192214
-0.04312592
-0.070847265
0.17201997
0.19140956
0.03232886
-0.0661388
-0.062201355
-0.17535642
-0.06324613
-0.080332346
-0.020223342
0.22363833
0.17298971
-0.03194061
-0.0919721
-0.14152238
-0.22287901
-0.17178096
-0.100831866
-0.052367948
0.03979484
-0.020791994
0.06594181
-0.08791588
0.067310415
0.014770767
0.0423808
-0.0020479872
-0.02782935
-0.036558077
-0.038779117
-0.08482253
-0.040626142
-0.042216945
0.01688934
-0.08604528
-0.07557321
-0.057142496
0.026083063
-0.03719237
-0.044900957
-0.038014885
-0.0387505
-0.1358118
-0.052998357
-0.055837855
0.013869503
-0.050550252
0.07824964
-0.0020479974
0.03730819
-0.109818734
-0.041947763
-0.077424176
-0.019247357
-0.009292508
0.13558461
0.09931317
0.002486621
-0.0137660755
0.010203995
-0.11544732
-0.0031567835
0.026307676
-0.03711419
0.08934961
0.11428453
0.014420394
0.008916603
-0.074479416
-0.030692006
-0.0021320235
-0.055835683
0.008516938
0.049079925
0.10480851
0.040372536
-0.06272582
-0.007094395
-0.0063639823
-0.025683856
-0.0923623
-0.010048112
-0.07566945
0.008582018
-0.03029892
0.07805816
-0.02067665
-0.020923356
0.03266931
-0.045390997
0.01290332
0.028624512
-0.06385077
-3.4456266E-4
-0.09251556
-0.002682723
-0.027830675
-0.012705256
-0.1250797
-0.09884197
0.006363184
-0.06870214
0.017712966
-0.072252445
-0.029649215
0.052592922
0.025630169
-0.033533845
-0.050158724
-0.03532703
-0.010480436
-0.04152558
0.016038772
0.0024899498
-0.03261749
0.009573215
-0.08180457
0.03743405
0.030987453
0.07484632
-0.0071914005
0.079195336
0.12354952
0.019955311
-0.015237447
0.032990526
-0.044631746
-0.043136097
-0.13647397
-0.009146249
-0.009765239
0.14198124
0.035421778
-0.114875376
-0.05615027
-0.100763895
-0.045355693
-0.02062014
-0.02646515
-0.09844616
0.050706387
0.09295015
0.023831692
0.043020137
0.049175512
-0.043814737
-0.0153784305
-0.0055662594
0.012570204
-0.093411975
-0.02216199
0.025153073
0.0068394374
-0.024250116
-0.09976783
-0.061888102
-0.06609874
-0.07154609
-0.08478151
0.014621339
0.011360216
0.006036705
-0.01710581
0.039618142
-0.10193157
-0.09524465
0.041822102
0.032239392
0.060232274
-0.07370463
0.0598741
0.110472135
0.05747878
0.11710729
-0.05250847
0.020595195
-0.043790504
-0.011172336
-0.05578001
0.08453309
0.072759606
0.15060462
-0.017134758
-0.002274595
-0.06371867
-0.037464343
-0.07676115
-0.037064582
0.012949774
-0.012433626
0.022196144
-0.051398706
-0.055355616
-0.033341233
-0.09917211
0.009224466
-0.017645678
-0.031705476
0.021458074
-0.019913148
-0.055391222
-0.13555244
-0.084641844
-0.10989884
0.0053952164
0.013890224
0.029471768
-0.031076876
-0.0028059112
-0.03618027
-0.049694106
-0.033547644
-0.020298643
-0.14159846
-0.018957227
-0.021315223
0.046325047
0.0014326207
0.018900048
-0.060524013
0.10897279
-0.020004062
0.09586471
0.01715788
0.020924684
0.023286108
-0.053490847
0.017581549
-0.08280399
0.08009327
-0.018972702
-0.049262494
0.017121863
0.05837303
0.060332153
0.059864517
0.018205147
-0.002905761
-0.07559797
-0.06581959
0.033082113
-0.07580967
-0.058563605
0.04292184
0.014735335
-0.10743275
-0.059520103
0.05701317
-0.092821516
-0.042910576
0.03312817
-0.052262858
-0.05618587
-0.060924254
-0.08178224
0.0318978
-0.06836023
-0.046243183
0.025245639
-0.025759652
-0.06577542
0.010075508
0.028497908
-0.05581763
-0.017631978
0.093899205
0.049890734
0.009120875
-0.0055222446
-0.06378664
-0.06955735
0.06978811
0.023506306
0.22803974
0.09064715
0.0547374
-0.06986342
-0.011518143
0.070725046
-0.0073899385
-0.0058249645
-0.017683024
0.08445069
0.10974811
-0.017513877
0.010932268
0.016540095
-0.009249052
0.008911053
0.013911474
-0.07012901
0.05726341
0.13610259
-0.078879915
-0.009409449
-0.00397026
0.05601074
0.020298237
-0.09365761
0.008990359
0.14923316
0.0627548
-0.06476296
-0.03732794
0.067956954
-0.061117835
0.046979845
-0.09204565
0.06841252
-0.07619332
0.119350076
-0.2207998
-0.12732427
0.020620411
0.028542465
-0.0063149054
0.063373685
0.0022418527
0.08614089
0.056293286
-0.18208724
-0.08393963
0.01102016
0.09563963
0.030255256
-0.0115421405
-0.008115877
-0.031715725
0.038314305
-0.008194296
-0.058253497
0.06842419
0.02178057
-0.03006423
0.0102055855
0.020894226
-0.011318285
0.12700441
0.11061378
-0.0073286397
0.025813125
0.011059652
-0.018416513
-0.0133904
-0.116761245
-0.17577434
0.03561534
0.11240088
-0.045234747
-0.27211872
-0.22330864
-0.14414825
-0.023594458
-0.04434902
-0.0065643284
-0.06115956
0.03178747
-0.23706552
-0.23582909
-0.22865197
-0.1912744
-0.060133077
-0.057933625
-0.058258243
-0.014782524
0.104789965
-0.2585017
-0.23559664
-0.16794944
-0.024090122
-0.053199
-0.10396572
-0.096151546
0.038138464
0.022439947
-0.24036473
-0.11719096
-0.143704
0.03169355
-0.025856746
-0.052542772
0.070274495
-0.017834682
-0.20189738
-0.19118395
-0.10858961
-0.09127003
-0.029082362
0.09682974
0.079731554
0.032124862
-0.17755912
-0.1100795
-0.22872344
-0.176928
-0.090825416
0.002736269
0.025267027
0.013646851
-0.13411327
-0.052420814
-0.08763884
-0.18788376
-0.21867718
2.3421366E-4
0.05261605
0.026998114
-0.05616809
-0.1498999
-0.097838216
-0.06829303
-0.2015051
-0.024308302
0.04971587
0.004256271
-0.0077586784
-0.10834177
-0.16995737
-0.07254161
0.005013594
-0.1484492
0.05568371
0.092563435
0.06910477
0.030522821
-0.20932375
-0.2581589
-0.15884611
-0.08741188
-0.2877645
-0.11345415
-0.039814346
0.018512234
0.014503429
0.02133091
-0.031313136
-0.047315743
0.011126528
-0.22306104
-0.33676615
-0.04483615
0.06203912
0.044042017
0.026459517
-0.016674405
-0.025324926
0.02481227
-0.24381995
-0.295629
0.1448735
0.20745762
0.06670789
-0.07157029
-0.056822047
0.031049086
0.01617585
-0.24920252
-0.26168433
0.13943265
0.07832051
0.035109345
-0.18262874
0.012103299
0.012008895
-0.13225073
-0.3552415
-0.0051816553
0.20689961
0.028528426
-0.15027022
-0.21978754
-0.0266691
0.060637515
-0.06682779
-0.14554562
0.091611356
0.107782036
-0.029314581
-0.13185155
-0.15842105
0.030328074
-0.00479077
-0.041364007
0.017003223
0.052640527
0.08520601
0.007328856
-0.030301968
-0.16798905
-0.0586923
-0.026741203
0.033510737
0.12887242
0.034527678
0.0882815
-0.0018732043
-0.1750935
-0.036898285
-0.016378028
-0.04392413
-0.023866381
0.09407966
0.006984748
-0.005615712
-0.06062567
-0.14816733
-0.18598492
-0.038252555
0.046309803
0.13512318
-0.009704887
0.055176266
0.04311652
0.09046548
-0.0086755175
0.033753023
0.0998068
0.06733103
0.005788233
0.012372157
-0.008527744
0.035226196
0.036578737
0.023456477
0.02401504
-0.02107098
0.04255141
0.07057463
0.0520463
0.13512148
0.03866389
0.08392718
-0.014840904
0.052913588
0.04163552
0.10657706
0.100737415
-0.06981119
-0.045318674
0.05338585
-0.007667755
0.010791176
-0.020295648
0.0047725113
0.13713636
-0.035551067
-0.10506849
-0.09710589
0.026223952
-0.037458673
-0.068072505
-0.028797852
0.051805366
0.065692075
-0.023658045
-0.14199232
-0.04810893
0.059956323
-0.060392447
0.037753448
-0.032543495
0.043215994
0.045111302
-0.051724
-0.06397072
-0.007218484
0.033077024
0.017566955
0.05222174
0.096627355
0.11119064
-0.034362797
-0.030395672
-0.07326236
-0.046937663
0.029862812
0.07763861
-0.010290738
0.07301112
0.013107518
-0.018927427
0.077784084
-0.022117125
-0.03564639
0.054051924
0.08272194
-0.060684334
-0.070159
-0.031815283
-0.0142798135
-0.14983018
-0.016193917
-0.026697205
-0.029677361
0.11652918
0.08654381
0.15575553
0.0998569
-0.08299485
-0.10871888
0.0034929935
0.030658172
-0.087084904
-0.026475752
0.049141333
0.014802089
-0.0092086345
-0.071914546
-0.029226784
-0.04974165
-0.06525356
-0.100353576
-0.12762918
0.060440555
0.07130011
-0.05462305
-0.011787083
-0.036776554
-0.07179474
-0.054783575
-0.109509915
0.0285384
0.09868412
0.038595892
-0.0071942457
0.02515602
0.03191823
0.033905476
-0.0392669
-0.04496928
0.012829188
0.023418287
-0.024015734
-0.0045767725
-0.030069513
-0.03849427
-0.06408217
-0.11613828
0.09663374
0.07471999
0.0029975143
-0.088194534
0.009045787
-0.058754258
-0.0369271
-0.123062305
-0.03995562
0.07238252
0.07184801
-0.028004052
-0.013939455
0.047989722
0.02730322
-0.06107959
-0.08764474
3.022654E-5
0.09710086
-0.0851887
-0.064341344
0.018844396
0.06289694
0.039366916
-0.07666532
0.030029243
0.0035386553
0.015561512
-0.13371642
-0.09631948
0.039599907
0.0976662
0.09605671
-0.069447994
0.033373382
0.02425906
7.814857E-4
-0.029032659
-0.0033687425
-2.5539962E-4
-0.010463915
0.07614946
0.00926856
-0.07253008
0.10978045
-0.056517046
-0.05306831
0.043234404
-0.055264566
-0.043390118
-0.07766725
-0.03389245
-0.0011242526
-0.0024640837
-0.08641048
0.076914296
-0.06283795
0.01488312
0.015532875
-0.031585727
-0.0749928
0.031086052
-0.033644896
0.02110061
-0.07564586
-0.043635223
-0.007058094
-0.05693084
-0.0016315616
-0.053704184
0.033767432
0.0026166851
-0.06344307
-0.033075172
-0.0045278124
0.020298036
0.0566722
0.053462822
-0.0046883854
-0.042503104
-0.047642995
0.074470505
0.01647638
-0.059257284
-0.020061892
-0.053433847
0.028152183
-0.03217572
0.12096773
0.025911141
-0.080352165
0.032654516
0.027762514
-0.008216403
-0.020664304
0.07096784
0.09061797
-0.016888767
0.03189728
-0.040330276
-0.048374474
0.023873324
-0.039835762
-0.008653411
0.080721505
0.10141849
-0.044187576
0.0064362013
-0.0329817
0.021549989
-0.056236424
-0.08418095
0.08319676
0.0409567
0.132433
-0.030908931
0.0300942
-0.011968409
0.01638683
0.053406037
-0.063220985
0.067311615
-0.037501954
0.050617304
-0.06992405
0.0060224095
0.064172655
-0.029450018
-0.0681129
-0.103057206
-0.05849999
-0.019118458
0.04900764
0.08949949
0.061306354
0.01308048
0.021437887
-0.0083264075
0.0139265
0.0031967175
0.018377505
-0.017573606
0.07001079
-0.015585708
0.11352882
0.013370843
0.051128518
-0.03909279
-0.06462733
0.029959481
-0.10420784
-0.0021617254
-0.097132884
-0.045966238
0.008858572
0.021246716
0.039812896
0.03631848
-0.0468023
-0.06442502
-0.11670636
-0.028374175
-0.01814873
0.075094484
0.1254575
0.07975239
0.13328154
0.017384775
-0.08153185
-0.06478743
-0.050549857
-0.045191456
0.019218907
0.04995577
0.036996037
0.07130395
-0.07561564
-0.024370622
0.016461588
-0.15899062
-0.012954764
-0.07593992
0.025112897
-0.062232092
-0.08980723
-0.008241835
-0.07140568
-0.068947956
-0.03967214
-0.025575394
0.024669308
5.259814E-4
-0.034766003
-0.008984289
0.010711346
0.13720885
0.1360018
0.15092368
0.31057405
0.18716197
0.089742094
0.021269742
0.009854419
-0.11884111
-0.07228881
0.14654747
0.18792525
0.1297636
0.19880694
0.058277626
0.0849344
-0.035691015
-0.037408456
-0.11609673
0.1572739
0.08860564
0.01318604
0.13382813
-0.036380243
-0.012807468
-0.048316248
-0.111252956
-0.026903177
0.15827143
0.03479475
0.005717991
-0.010789267
-0.096883856
-0.030101554
-0.14966916
-0.030335724
-0.0024618974
-0.15008573
-0.18786024
-0.21412364
-0.10583291
-0.07841225
0.018798387
-4.5362551E-4
-0.029900217
0.023268841
-0.21921563
-0.16648032
-0.016260743
-0.07238219
-0.019495182
0.09450196
0.11047075
0.22769736
0.2191591
-0.04554586
0.044934027
0.13123068
0.08971645
0.18032478
0.2045976
0.1346559
0.15789588
0.15848663
0.09666654
0.13357551
0.19401425
0.07570999
0.106844835
0.06818739
-0.0067767566
0.18423414
0.17214994
0.16811667
0.076697186
0.12106595
0.050616194
-0.03871315
-0.048303694
-0.010583334
0.006098464
0.26652825
0.0203398
-0.033192366
0.06444983
0.0021861158
-0.12139077
-0.090000644
0.01850727
0.023863537
0.01236692
-0.16350882
-0.034635387
-0.0582901
0.021082351
-0.069062434
-0.1425867
-0.043551452
-0.0066567957
0.130606
-0.16930215
-0.18569437
-0.1911228
-0.0820264
-0.08390896
-0.10215615
-0.07244752
0.021910354
-0.01967016
-0.16803855
-0.16176568
-0.10987999
-0.0044731777
0.030105092
0.008753974
-0.10969202
-0.032420125
-0.107386395
0.0038433801
0.072612815
0.060073774
0.17626342
0.07058353
0.06343482
-0.033269476
-0.0572656
-0.055006243
0.12855972
0.11016345
0.07573502
0.041229106
0.082342945
-0.09608416
-0.061836094
-0.03654302
4.0028416E-4
0.025182974
0.055294614
0.004938246
0.009740539
-0.02600157
-0.03338726
0.026968446
0.10429482
-0.06796647
-0.10167002
-0.058562268
-0.08186008
-0.05746032
-0.105306566
0.018111369
0.005184175
0.15266392
0.083803855
-0.069516934
-0.05115559
-0.13551837
-0.12270974
-0.144239
-0.09112168
0.005221768
0.0962469
0.07960504
-0.030565476
-0.007910606
-0.04315106
-0.010311385
0.03767402
-0.023085836
-0.05198211
-0.03978774
0.044552658
0.010795436
-0.04251077
0.07365743
0.063092485
0.022264063
0.05292078
-0.06731493
-0.047414526
-0.0641107
0.026994312
0.05013809
0.061434858
0.05041563
0.055785596
-0.0050085695
-0.05228073
0.005400305
-0.062208716
0.08152243
0.018645082
0.06358766
0.018763097
0.05433673
-0.007183255
0.052338433
-0.057127886
-0.020853389
0.040633645
-0.06428951
0.009666785
-0.0057617147
0.0027998376
-0.044031017
-2.4289731E-4
0.025196033
4.2630226E-4
-0.11685772
0.051750917
-0.1327125
0.015908455
-0.031543463
0.04506289
-0.09480638
0.015123162
-0.023863982
-0.08001573
-0.04756604
-0.06039282
-0.04803354
0.034916073
-0.008760969
-0.002019357
-0.0015878661
0.044192947
-0.032835566
-0.018140918
0.07980511
-0.05890437
-0.026088335
0.03695238
0.01694002
-0.04263671
0.04549326
0.06807422
-0.032299936
0.009449634
-0.07836082
-0.02838157
0.017514186
0.039331302
0.05152114
-0.026044857
0.005033768
0.013900547
0.021383839
-0.006939787
0.013087652
0.026555471
0.107762344
0.10371956
0.1282178
-0.029048033
0.0017992188
-0.049320616
-0.028263878
0.04102456
0.041708723
0.0014135642
0.0695728
0.05136588
-0.087353185
-0.052062802
-0.028978437
-0.07219448
0.058243968
-0.057028912
-0.028109055
0.006162723
-0.011533923
0.029552836
-0.049105085
-0.08883861
0.004077511
-0.038141336
0.020373188
-0.07047342
-0.041477386
-0.016185481
0.003190851
0.07669105
0.0037315155
0.009454445
-0.049608316
-0.12043328
-0.045281217
-0.03405307
-0.009680877
0.06800319
0.061803248
0.025044369
-0.06284624
0.010086515
0.0036474706
-0.028770313
-0.11034677
0.013126133
0.09724918
0.014404732
-0.018857779
0.020401537
-0.04050525
-0.0104993805
0.004365939
0.04876167
0.11597608
-5.1124237E-4
-0.11091681
-0.057533197
-0.013383135
-0.071161404
6.985492E-4
0.04251999
0.09750533
0.1144396
-0.049012247
-0.10164422
-0.04338911
-0.040693298
-0.044241738
-0.012953955
0.017181486
0.06774269
0.11446868
0.05206112
0.07138494
-0.0070887944
-0.024949886
0.013201547
-0.046102963
0.05867683
-0.052517164
-0.058092587
-0.0014166511
0.010840495
0.04181896
0.053924937
0.031102931
-0.009856267
-0.021279652
-0.06682991
-0.02041149
-0.06361786
-0.08150835
-0.0330877
0.04969215
-0.08401491
0.056248877
-0.087548226
-0.037423924
-0.07007668
0.007139289
0.02340194
-0.044236653
-0.031621333
-0.018284166
0.028858373
-0.084899075
-0.082285
0.032410335
-0.109693296
0.047255225
0.045229107
0.007971342
0.02006094
-0.043599304
-0.046759367
0.011211211
-0.040630024
-0.025274461
0.03962985
-0.057073485
-0.0058952575
-0.008617798
0.06678087
-0.0059017446
-0.015817419
0.08954398
0.1293305
0.1663976
0.024491386
0.08911831
0.024564097
-0.053338703
0.0074577397
0.0279446
0.046204545
-0.015300798
0.09124388
0.091766305
0.047601033
-8.954688E-4
0.0041121338
-0.016038928
0.0112197595
0.02151606
0.047370628
0.112271205
0.09111615
-0.018519724
-0.014610872
-0.010285726
-0.0024158987
-0.111979656
-0.012904165
0.03665135
-0.001116582
0.04319952
-0.096205
0.008832273
-0.10077453
-0.015925482
0.035875246
0.07884169
0.028408129
-0.009677473
0.01970843
0.007332899
-0.05502169
-0.025581362
-0.062669806
0.051597666
0.019234117
0.0527106
0.06077042
0.008901714
-0.08064415
0.04280822
-0.135043
3.5759585E-4
-0.08885995
-0.027594708
0.018753875
0.07099171
0.04191087
-0.013404889
-0.02372923
-0.1219487
0.03672667
-0.046496492
0.013265813
-0.03100884
0.067885526
0.09483995
-0.015792532
-0.017074505
0.056634523
-0.08864301
-0.1677533
-0.13966453
-0.1040957
0.09606722
0.09142723
0.036445405
-0.04502932
-0.08823049
-0.039419394
-0.079409964
-0.016625725
0.027507043
0.015638866
0.066174164
0.1587605
0.055297576
-0.07429159
-0.08517341
0.095893025
0.043142505
-0.0057835523
0.032143846
0.03838487
0.04843649
-0.05692856
-0.059656225
-0.08062538
-0.04127139
-0.12159722
0.02115431
-0.03437846
-0.0016826168
0.027314106
0.0571992
0.046529166
-0.040474735
-0.05239486
-0.09340649
0.074837424
0.21367618
0.18586312
-0.010210505
-0.035419155
-0.0014341838
-0.116019584
-0.19890648
0.0038508032
0.15810831
0.12142709
0.046430826
-0.007839119
0.011750572
-0.06652595
-0.12785806
-0.10962498
0.019809958
0.24478346
0.14547473
0.031489532
0.04346386
-0.08457147
-0.065109886
-0.06618794
0.012444146
-0.0020230163
0.10389136
0.008331585
0.04830769
-0.091513716
-0.054226212
-0.008861699
-0.020838058
-0.080710426
-0.08454957
-0.16352762
-0.046677496
0.0900776
0.09104848
0.05207751
-0.037455857
0.032918055
-0.1445095
-0.04460677
-0.08413288
0.008458394
0.17570643
0.21897298
0.04159877
0.038486023
-0.13581645
-0.29224023
-0.011175056
-0.15059116
-0.0851448
-0.07799196
0.12959401
-0.19268763
-0.17551133
-0.17309344
-0.13079917
0.013370648
0.016061766
-0.13264512
-0.13914058
-0.05521247
0.105182305
0.10629374
0.017009519
0.057244398
0.03271208
0.023285523
-0.04670714
-0.018897742
0.13447733
0.10353655
0.086796805
0.021069087
-0.032208573
-0.14364293
0.06445185
0.11718271
0.053811807
0.04166863
-0.028210696
0.043373346
0.07811696
0.018286128
0.077799566
0.0029635597
-0.0716894
0.07510569
-0.082781695
0.012701621
-0.09453637
-0.00398809
-0.05192724
0.02664177
-0.18485697
-0.08482706
-0.07969076
-0.03166839
-0.07456211
-0.12312106
-0.09274514
-0.03392954
0.015084532
-0.1655701
0.02129765
0.09926245
0.026530107
-0.008134229
-0.14319518
-0.14461954
-0.09787354
-0.016302187
-0.066257216
0.019473583
0.039207444
0.02513767
0.021975504
-0.04815213
-0.1468208
-0.04039065
0.050892174
-0.09697974
-0.09819428
-0.12858231
-0.13566464
-0.12775281
-0.09987936
-0.06872955
-0.013803121
0.14641356
-0.19461472
-0.10058986
-0.09443306
0.012080312
0.02910441
-0.006449641
-0.030378845
-0.007544972
0.12222776
0.02592564
0.033274896
0.12798335
0.07511185
0.0508485
-0.012741815
-0.017100304
-0.15905753
0.06386033
0.0112411985
0.028335173
0.020345764
0.046847582
0.011389159
-0.020906728
0.013816435
-0.11804712
-6.94608E-4
0.024906239
6.5502623E-4
0.031115273
-0.012094644
0.05766425
0.019383065
0.003186512
0.053069085
-0.031595886
0.0035290543
-0.0471543
0.011314973
-0.044567134
0.043166462
-0.022483736
-0.0488706
-0.013656737
-0.023646915
0.03869961
0.017333014
0.00555545
0.0366847
0.029275918
-0.04176517
-0.12162722
0.013784252
0.026674595
-0.020194013
0.034312047
0.010448686
-4.9395126E-4
0.065156765
-0.050202616
-0.033378497
-0.0431486
0.103869826
-0.038677122
0.053819306
-0.006528659
0.053018603
0.027081475
-0.03572118
-0.042782336
0.015789414
0.03161011
-0.057107143
0.023652636
0.118131846
0.19027607
0.011494882
-0.045653727
0.053165596
-0.028606057
-0.01556573
-0.17466643
0.001623292
0.032469228
0.11529973
-2.1602795E-4
-0.02481769
-0.05096838
0.075271346
-0.04634549
-0.055662848
-0.01694076
-0.060409855
-0.007981641
0.024700006
-0.047533188
0.0023989535
-0.004930072
0.06949726
-0.012945896
-0.01464967
-0.10505337
-0.030393884
0.10006337
-0.018485976
-0.01301337
-0.024574999
0.10543435
-0.008026482
-0.009420079
-0.07152105
0.03632535
0.026902786
0.028189635
0.06790111
-0.04096603
-0.0433342
-0.024061365
-0.03934467
-0.00348439
0.00718492
0.040454123
-0.017041113
-0.06814823
0.015723865
-0.029520959
-0.0069460794
0.015756847
0.007487594
-0.10577357
-0.007185373
0.004109651
-4.161221E-4
-0.08261711
-0.05938072
-0.04392153
-0.039701246
0.0077449614
-0.053363506
0.02822426
-0.01505538
-0.032515563
-0.034500226
-0.119737655
0.03534096
-0.074057
-0.18557864
-0.09125945
-0.07582871
-0.017691685
-0.0809537
-0.020986103
0.0028227982
-0.008636484
-0.041069116
-0.08517102
0.05199243
-0.047706977
0.056504264
0.046867542
0.11407769
0.0032691064
0.102739036
0.15138392
-0.036017332
-0.013159565
-0.02658993
0.07049884
0.020937726
-0.012857393
0.08743661
0.038868327
0.13480237
0.09549602
0.018350556
-0.0076216557
-0.07704077
-0.04794206
-0.07931668
0.13723417
-0.015056996
0.040461473
-0.007427362
0.021595908
-0.0024316655
-0.03305653
-0.08494901
-0.045223054
0.04229524
0.020020962
-0.11172107
-0.092488736
0.11790241
-0.035499826
-0.07225536
-0.07238196
-0.10660864
-0.07095958
-0.049748365
0.065903425
0.003576547
-0.028989809
-0.057336733
-0.19107048
-0.16880214
-0.16315052
-0.13833077
0.15411454
0.061235845
0.03320818
-0.04883906
-0.033453725
-0.012441933
-0.13076216
7.860325E-4
-0.044803105
-0.04207552
0.02721034
0.050744772
0.11185032
0.07458214
0.017382346
0.005025513
-0.07082329
-0.096780464
0.065564945
0.066417456
-0.017424159
0.116213225
0.0058015436
0.00584012
-0.035926085
-0.029789092
-0.009863054
0.05848345
0.031720906
0.032681882
0.060495317
0.04035572
0.04642278
0.01602948
-0.027280351
0.04127182
-0.18933931
-0.11662239
0.040023778
-0.08340654
-0.013748901
0.07178273
0.03319787
-0.024216337
-0.0014104862
-0.05237531
-0.041206766
-0.034293156
0.011722935
-0.06600172
-0.023973415
-0.03273295
-0.14104395
-0.10627055
0.065957405
-0.024385218
-0.054918837
-0.048750177
-0.032141402
-0.10913555
-0.072403625
-0.012687603
0.014095217
0.024731409
0.11534182
0.049192876
0.0710526
0.09464484
0.09061302
-0.12268643
-0.11378003
-0.05124259
0.044723023
0.03734867
0.17511973
0.14598832
0.14372385
0.12199826
-0.16166711
-0.22809789
-0.122081615
0.045757014
0.0073051034
0.15970007
-0.048187293
0.0074303634
0.051036682
-0.14061534
-0.051853556
-0.057533238
-0.09585208
-0.045346595
-0.018146578
-0.05464206
-0.0012289397
0.05438505
0.04290528
0.042661883
0.0025206357
-0.02828946
-0.037645265
-0.026922153
0.0037646499
0.020173717
0.04603507
0.03917332
-0.024147265
-0.015821353
-0.014225323
-0.013582269
-0.0144419335
0.003040677
-0.06871538
-0.059134193
0.043224495
0.019873654
-0.055452347
0.055679824
-0.09263097
-0.06794515
-0.062495254
-0.11803311
0.032526955
0.041781187
0.037615895
3.1105988E-4
-0.014683243
0.083413124
-0.044497512
-0.21092853
-0.012922517
4.191827E-4
0.0013313089
-0.03513939
-0.066262655
-0.029541124
-0.05012923
0.06541472
-0.042665944
-0.0603726
-0.16800076
-0.053937037
-0.14465567
-0.2190652
0.076779254
0.07432743
-0.050599586
0.0024176566
-0.09564168
-0.2278351
-0.10628003
-0.19365324
-0.015818901
-0.11236976
-0.09741996
-0.020334788
-0.21117173
-0.21632147
-0.21218084
-0.06297843
-0.06758912
0.05431105
-0.19198228
-0.18951485
-0.21278264
-0.2672105
-0.21567547
-0.094351664
-0.07503876
-0.04047051
0.038851883
-0.16117164
-0.17112225
-0.14767279
-0.27536112
-0.16124848
-0.007805123
-0.014963639
-0.074609734
0.02307422
0.041813634
0.019925024
-0.045556724
-0.12549575
-0.04323116
0.10230722
0.04496568
-0.018258993
-0.009892363
0.15019768
0.06817913
0.08372783
0.027536051
-0.080123
0.0454316
0.05892618
0.10260062
0.1674402
0.14188322
0.15067422
0.065127224
0.018783472
0.057282183
0.10098366
0.15012583
0.062427394
-0.052370172
0.15312435
0.005605586
0.015134357
0.10698426
0.023557004
-0.013046554
0.0062504327
-0.11182958
-0.18579629
-0.22555088
-0.114351295
-0.1962673
-0.058837563
-0.107886165
-0.12090407
-0.24157241
-0.45937282
-0.2571212
0.036728926
-0.04667784
-0.09545551
-0.12813374
0.04536645
0.15444764
0.115592726
0.13249299
-0.004805375
-0.07006648
-0.04488439
-0.13384508
-0.10201514
0.118959054
0.16243458
0.030759366
-0.04541587
-0.06827457
-0.05117423
-0.11393118
0.012598071
0.079378
0.12529065
0.09160172
-0.014570783
-0.008550423
-0.08790196
0.028542921
0.02703582
-0.054196127
0.042265974
0.1069524
0.103294514
-0.026166368
-0.086881906
-0.04281804
0.041521505
0.09279511
-0.0121097285
0.017664604
-0.01129654
0.081213236
-0.012321613
-0.054393988
-0.058734804
0.051265642
0.020160712
-0.013858273
-0.012785688
-0.0450943
0.08501898
0.025669977
-0.0046882546
-0.06933539
-0.22507182
-0.101663776
-0.070214055
-0.030094448
0.038796183
-0.0309132
-0.047546394
-0.24063827
-0.04774354
-0.1909403
-0.18553977
-0.16970739
-0.11114523
-0.06340009
-0.05692878
-0.3529699
-0.227999
-0.100591086
-0.13689816
-0.13687435
-0.014020983
-0.08073706
0.21097516
-0.02808409
-0.3039749
-0.023784457
0.037266426
-0.058704607
-0.046788614
0.039883614
0.15540911
0.14395042
0.06846064
0.02524725
-0.07479058
-0.05399718
0.056524392
-0.012781556
0.021737004
0.059859585
0.114116445
0.08619826
0.07451689
0.012740405
0.0059998743
0.051670875
-0.020709082
0.05836993
0.10077817
0.14509857
0.064112015
0.061471406
-0.061538123
0.02431332
0.058447372
0.053850804
-0.020450393
-0.052523628
0.029269654
-0.016348818
-0.024375457
-0.06661564
0.020006664
0.016029205
0.08172339
-0.09026964
-0.012222191
-0.018154668
-0.015049566
-0.021974094
0.049952697
-0.044362172
-0.016619196
0.011036448
-0.019331422
0.046057723
0.014470421
0.033327535
-0.102200314
0.048941895
-0.02461522
0.025161464
0.07936834
0.016586466
0.0077027874
0.04536832
0.021634648
-0.03528849
0.06587568
0.021936843
0.1153619
0.089801125
0.03149312
0.07518953
0.11395055
0.062152628
0.050893344
-0.033724505
0.04277736
0.07170965
-0.016271701
0.015545436
0.00746431
0.13286892
-0.038682856
-0.04834201
0.035152923
0.033242263
0.07181556
0.11265278
0.016642723
-0.022960242
0.04865201
-0.0033812523
-0.070903175
-0.020168161
0.037087057
0.046766356
0.044450916
0.14922789
-6.0793664E-4
-0.04039757
-0.27102712
-0.12973954
-0.16252884
-0.15592906
0.13518389
0.10916367
0.04570198
-0.010649145
-0.0061876066
-0.03712318
-0.1888045
-0.15666194
-0.1418571
0.0245002
0.08277662
0.036531597
0.048976343
-0.005752542
0.025729025
0.061044566
-0.054401994
-0.10084571
0.09150588
0.05190832
0.110603124
0.05649883
0.06282418
0.019329641
-0.011016763
-0.031042695
-0.0626819
0.0041414737
0.06320966
0.05852665
0.0048711505
0.0062396377
0.15680338
0.061746277
0.0435176
0.08100961
-0.23341809
-0.23473315
-0.018942662
0.07869888
0.025896072
0.022477971
0.09082064
0.052227452
0.033904336
-0.06828786
-0.08584618
-0.030275684
-0.037064314
0.1128279
-0.025128745
-0.031600464
-0.065929644
-0.009076063
-0.08901273
-0.122544944
-0.15676445
-0.11403087
-0.13519202
-0.15864024
-0.045240168
0.0076215416
0.010098707
0.04536802
0.055285897
-0.004602497
-0.08034375
-0.036649138
-0.029126456
0.027173722
0.029335685
0.04354494
0.03440389
-0.001664908
0.005473314
-0.015148615
0.083298095
-0.015129557
-0.04448009
0.03276368
0.024595723
-0.047473986
-0.045436673
-0.037699472
0.034263346
0.017343983
-0.10833184
-0.015248847
-0.004907117
0.0010970894
-0.028929533
-0.054185253
-0.005220588
-0.03709046
-0.03693081
0.018134078
0.12517086
-0.04702222
-0.023139058
0.10565908
-0.011328017
0.11584956
-0.06072134
-0.009582785
0.02047497
-0.059191465
0.10781087
-0.004038207
-0.015478889
0.004954263
-0.06856785
-0.0064236745
-0.043305725
-0.014022874
0.046299968
5.8908085E-4
0.064339064
-0.0016797172
0.021407293
-0.009373197
0.049553767
-0.028352836
-0.020577403
-0.005501634
0.021181844
-0.014703009
0.030880535
0.0050811046
0.021108616
0.003950432
0.009132585
0.012105903
-0.09927912
0.032352246
-0.00803164
-0.06440308
-4.6684823E-4
0.08433931
-0.0016698078
0.04079836
-0.014392446
-0.054754153
0.0066045336
-0.05198045
-0.092697255
0.044898152
-0.09986787
0.102333985
-0.0070634736
0.045650322
-0.062455833
-0.09085446
-0.07885339
0.10783204
-0.011607257
-0.029751329
-0.029024122
-0.044688515
0.0538006
-0.004485037
0.027290056
0.015974484
-0.024359591
0.022259671
0.012203295
-0.008536504
0.04110765
0.03911136
-0.039726373
0.034258433
-0.07255708
0.025599811
-0.0154584
-0.042534254
0.03043039
0.06708782
-0.008481072
0.09728415
-0.008202388
0.0014803075
-0.054439638
0.0067268577
0.007861378
-0.023098385
-0.04261402
0.004295069
-0.04339905
0.016924815
0.04991558
0.043558173
-0.046224385
0.0151599245
-0.09238818
-9.489857E-4
-0.0590146
0.040727656
-0.0044504553
0.053798866
-0.028686767
-0.025268437
-0.005594388
0.0071139624
0.03344524
0.04705727
-0.008394061
0.006244599
0.12563089
-0.07736823
0.008400017
-0.033410694
0.03560139
0.040781174
-0.052515034
-0.013040078
0.0011146497
-0.011655725
-0.05312144
-0.007041365
-0.043192778
-0.036579594
-0.013229572
0.10786235
0.0047619436
0.046119153
0.032682244
-0.036208972
-0.12438116
-0.08059924
-0.089570716
0.00870554
0.11853853
0.1016848
0.005415181
0.08062238
-0.021536516
-0.06871596
-0.13572864
-0.08610769
0.13678078
0.13996416
0.103325605
0.17988503
0.0809429
-0.046615038
0.025849942
0.00988604
0.030325552
0.025876258
0.017509358
0.17937315
0.14679974
0.17917283
-0.07027147
-0.08776311
-0.046788782
-0.069020234
0.05450372
0.030603884
0.0053403135
0.02760857
0.05765633
-0.011775188
0.07926391
0.09076537
0.041739497
-0.025176521
-0.0020458752
-0.08576884
-0.02945211
-0.019051839
-0.024492105
0.04346644
0.017436894
-0.010301913
-0.011105492
0.0183617
-0.08714553
-0.06706639
-0.06612181
-0.10936052
0.026613433
-0.037050862
-0.03146363
0.001038599
-0.054032393
-0.055510923
-0.09874961
-0.14376265
-0.03139488
-0.02649532
0.034798324
-0.047109112
-0.029849475
-0.017832285
-0.044894643
0.054246515
-0.04193722
0.09113682
0.011904577
0.05795485
0.06354746
-0.019475901
-0.017887829
-0.0017310476
0.02668852
-0.045180347
-0.04315176
0.028063005
-0.0020022264
-0.035167947
-0.08264175
0.076525666
0.03252779
0.012512492
-0.013141738
-0.023833182
0.029834704
-0.07229825
-0.056648478
-0.0068808123
0.053487703
0.09640046
0.083426476
0.0076123
0.07002209
0.13742936
-0.015281599
-0.031246431
-0.05879762
0.017302623
0.016543383
-0.007487255
0.05365151
-0.0045799296
0.0067998567
-0.03074161
0.012355016
0.01120057
-0.057378437
0.011925664
0.052199457
-0.04322323
-0.029037055
-0.041410856
-0.11619906
-0.04067624
0.010269143
0.02743862
-0.04801082
0.07766625
-0.004937208
0.029553758
-0.11236914
-0.07297077
0.005448285
-0.010190137
0.020411402
0.0017081731
0.08842165
0.007207209
0.018160705
-0.09298044
-0.09903871
0.03570375
0.015564188
0.009185326
-0.050715577
-0.00510672
-0.0224277
0.067137904
-0.0070134425
-0.024054537
0.07047747
0.04313984
0.06053719
0.024775501
-0.1309019
-0.01502481
-0.026576266
0.10678576
0.0141396765
-0.031114843
0.027340665
-0.09026607
0.055360854
0.037469912
0.062091816
-0.011493457
0.031450756
0.027869228
-0.10362912
-0.028829409
0.008051044
0.019687016
-0.031066582
-0.042660177
-0.02697146
-0.0031498228
-0.05665027
0.041812982
0.006150192
-0.03789363
-0.0116549665
-0.02042348
0.04389069
-0.060786236
0.025894234
0.0275369
-0.03507413
0.069266915
-0.06569651
-0.010876615
0.02359838
-0.013128689
-0.017282905
-0.06922633
0.02122455
-0.059892938
0.0020658267
0.042752277
-0.04659076
0.02545757
0.005957773
-0.04960961
-0.040759854
-0.011469552
0.038831033
0.0410044
-0.042651672
-0.017701028
-0.055978667
0.06361149
0.028020533
-0.0040835976
0.045117177
0.037993174
0.022953821
0.014979756
0.020368619
-0.043852992
0.069222525
-0.022137268
-0.020085534
-0.0065754973
0.039925307
0.06966602
0.005743266
-6.786341E-4
-0.01776374
-0.053483132
-0.04437728
-0.053123705
0.001665399
0.04474831
-0.06012154
-0.053798433
-0.0062781726
0.0019189242
0.023589311
-0.026942842
0.016329639
0.017632509
-0.07676692
0.060563195
-0.0020344083
-0.06287283
0.014877643
-0.017075691
0.049505137
-0.062597536
-0.019123865
-0.0027830475
0.068820104
0.0013899424
0.0066059716
-0.10081667
-0.06699245
-0.05545632
-0.040104613
-0.015576548
0.03754274
0.028506355
0.055978455
-0.005339859
-0.061613087
0.021181406
-0.05483655
0.027994901
0.009340525
-0.07676166
-0.01980229
-0.03358837
-0.052758876
0.015901139
0.0026013872
-0.04623612
0.018303392
0.02097885
-0.03509525
0.033188276
-3.6153628E-4
-0.013650306
-0.02989379
0.03250867
-0.01746942
0.035668354
-0.009249828
-0.0270402
0.016311217
0.06089857
0.022683991
0.06438357
0.09446663
-0.02199681
0.08016096
-0.037502743
0.05101719
0.0031388754
-0.038719777
0.11842053
0.07133844
-0.025707578
-0.11562406
-4.534115E-6
-0.007234428
-0.11360225
0.07496125
0.020410737
0.07964792
0.060219392
0.02732352
0.059085224
0.09982294
0.053570002
0.04934103
0.04908654
0.04505358
0.028045367
-0.003450487
0.06460233
0.021056788
0.0016366023
0.06127474
0.06660211
-0.014859099
-0.013812494
-0.020366175
0.0067977333
0.039691035
0.0015054876
0.03111768
-0.021097343
-0.02331664
-0.09830436
-0.009450496
-0.060983505
-0.09756397
-0.007904261
0.016225187
-0.012859719
-0.014077341
0.026725277
0.021554401
-0.061499406
-0.10955929
-0.06222326
-0.04360068
0.071710646
0.016813237
-0.047399443
0.043208193
-0.02424003
0.0325475
-0.009788516
-0.07573306
-0.06457698
-0.020567656
-0.008815315
0.009685252
-0.03745309
0.015877469
-0.01811111
0.04067321
0.036307
0.010757396
0.015452337
0.022020966
-0.010170983
-0.13609329
0.06401242
0.051693
-0.050137796
0.022442784
0.08234648
0.034570385
-0.046902616
-0.021696638
-0.0029870032
0.031332254
0.062112797
0.028611982
0.013010556
-0.024466597
-0.0023367454
-0.05301241
0.07099053
0.09070126
0.07207838
-0.0016791697
0.0010585404
0.03586657
0.0033738133
0.055198316
-0.09116669
-0.11301012
0.1159638
0.026960846
0.057072405
0.05009854
-0.030097416
-0.085668065
-0.09744442
-0.021539755
-0.032842852
-0.0907768
-0.027914245
0.083955914
0.04521637
-0.15195534
-0.01639652
-0.028026028
0.105442576
5.932484E-4
0.10438256
0.11866382
0.092286974
0.13090678
-0.04027027
-0.15466258
0.057194036
0.013337675
0.073527254
0.07321563
0.0352669
0.0430771
9.993128E-4
-0.11113721
-0.27722543
-0.029036615
-0.024464447
0.008148764
0.05194531
0.007534463
0.015814347
-0.04187902
-0.005568877
-0.10710712
-0.043201245
-0.04859844
0.053428724
-0.022987708
0.087453015
0.03095511
-0.0042537344
-0.0844917
0.13493277
-0.001875231
-0.041730713
-0.04982626
0.05715089
0.04080542
-0.10938611
-0.07717435
0.11725183
0.21588965
-0.060481455
0.007808867
-0.19307445
-0.02738711
-0.030858725
0.032049403
0.03532627
0.07190949
0.17669246
0.05714914
-0.045952775
-0.052881088
-0.03399059
-0.13702519
-0.047835387
0.073216155
0.14746967
0.17473954
-0.00217947
-0.03027337
0.009712785
-0.02966364
-0.032114655
-0.092815906
0.13300873
-0.011997072
0.0913959
0.124477744
0.06837003
-0.015460307
-0.18222636
-0.16713901
-0.045747906
0.023753302
0.057440728
0.029853025
-0.0858866
-0.042302955
0.008885565
0.03263389
0.06980703
0.108396605
0.07068565
0.27783814
0.17459457
-0.109286495
-0.11504041
-0.15638189
-0.041535717
-0.07109003
-0.007108083
0.15362899
0.13448271
-0.19892056
-0.18173362
-0.18963844
-0.012341401
-0.100033626
-0.12879267
-0.062215764
0.014933765
-0.13918923
-0.14386259
-0.07289308
-0.045766324
-0.08422951
-0.31135377
-0.1327421
0.058576472
0.02238578
-0.17775224
-0.22928955
-0.09381458
-0.13864781
-0.25212806
-0.17303264
-0.043617554
0.1311931
0.08296112
-0.023242364
-0.03250857
-0.115064286
-0.10101058
-0.25681692
-0.16518515
-0.08908351
-0.018314967
0.025126424
-0.066580586
-0.09420822
0.04586066
-0.07968525
-0.112266116
-0.21309586
-0.11753771
-0.04925372
0.013390994
-0.0053182323
0.104661316
0.009536266
0.040764593
-0.047676496
-0.10694206
0.022366358
0.08374667
0.02149624
0.0937484
0.23015848
-0.11383976
0.1467812
0.17953956
0.15818116
0.05600232
0.014148751
0.05513021
0.089458816
0.08467541
0.14360619
0.0811402
0.099053666
-0.006190894
-0.03364008
-0.26207316
-0.28098798
0.02626224
-0.074346244
0.09806478
0.06332222
0.12774996
0.06976485
-0.06766965
-0.18920268
-0.122983575
-0.17623653
-0.18981004
0.15370862
0.054185294
0.11082548
0.112008475
-0.074716695
-0.05296115
0.10490884
0.20425703
8.190932E-4
0.16954683
0.19317485
0.061608348
-0.034254525
0.0935596
0.0044994485
0.06119366
0.0675073
0.06256899
0.23787107
0.078467086
-0.05098052
-0.10021063
0.017165631
0.115161225
0.07229095
-0.028536422
0.058593825
0.21278515
0.01604056
-0.04925355
0.12144878
0.048123304
0.12182331
0.06150163
0.09865859
0.098563336
0.02005168
0.03166714
-0.02005134
0.03336842
0.0723063
0.043509748
0.018788522
-0.049565
0.04710044
-0.14003798
-0.13730115
-0.2265664
-0.15674424
-0.024959639
-0.017181393
0.060015265
-0.11770069
-0.06000205
-0.16885658
-0.17034121
-0.21165036
-0.15334187
-0.1414615
-0.043861903
-0.11314446
-0.05835923
-0.032555
0.036457993
0.059238233
0.0027518598
-0.0062214998
0.004044271
0.025325982
0.009653622
0.07880668
-0.04755306
0.05165103
-0.040880732
-0.06408152
-0.054964717
0.028819732
-0.028257212
0.022090364
0.085186355
0.016986227
0.009600216
-0.031032154
-0.104253165
0.0031293365
0.05345267
-0.055949893
-0.06555789
-0.0033571674
-0.12098702
0.0438993
-0.027180657
-0.08841026
-0.025009286
-0.06800745
-0.08112768
-0.032280374
-0.035737388
-0.08413852
-0.037295155
-0.0837316
-0.12799528
-0.10283808
0.036876924
-0.027913196
-0.06938748
-0.021680899
-0.16487661
0.06154677
0.04997728
-0.027435122
-0.09321361
0.048506293
0.04252934
0.0047267396
-0.016048096
-0.078604
-0.010324725
-0.047597695
-0.05104316
-0.016653942
0.053035792
0.046825703
-0.085679814
-0.015470001
0.018949548
0.11209098
0.033572175
0.032669067
-0.046441678
0.046895657
-0.030369734
0.045112543
0.033383
-0.084278814
0.11678384
0.12260939
0.080561385
0.0057300376
0.030953081
0.12022703
0.06442251
0.061641455
-2.2427645E-5
-0.026333788
-0.080611266
-0.018116254
-0.06145351
-0.010599894
-0.021749608
-0.01779671
-0.020752223
0.049724597
-0.06689366
0.023519365
0.04486145
0.014874047
0.035335563
-0.09387322
-0.05185385
-0.039123118
-0.1138013
-0.008222243
0.015708644
0.039132748
0.029951006
-0.14659534
0.018754289
-0.07180985
-0.03457868
-0.15188509
0.01200038
0.04587222
0.09638633
0.032072
0.0042849765
-0.013857775
0.015942782
-0.009873529
0.03736199
-0.023873724
0.034650106
0.025364168
0.06538707
-0.019341836
-0.051660977
0.111910544
0.10220018
0.015888747
-0.043902665
1.3238168E-5
0.007720849
0.0387928
0.024102965
0.013007414
0.021143328
0.00440545
0.05102083
-0.084757105
-0.035691433
-0.061108395
0.025286837
0.09991052
-0.093685046
-0.033038042
0.006237957
-0.0045476356
-0.12741423
-0.041076448
-0.1591446
0.04976924
0.044847965
0.06450111
-0.008691358
0.031312916
-0.046101026
-0.043326207
0.025745707
-0.10688081
-0.015757378
-0.058707397
0.17065877
0.08516221
-1.2828223E-4
0.007770853
-0.01216032
0.017025288
0.050073303
0.00858424
-0.036644816
-0.05996139
-0.10968535
-0.06909982
-0.091868
0.08040063
0.07684768
0.03642492
0.030063502
0.06249685
0.0631744
0.06534161
0.05432539
-0.062164165
0.013563276
0.08453572
-0.014448767
-0.018946946
0.1545202
0.10600988
0.12775262
0.05369601
-0.021756854
0.044950727
0.04556927
0.10176024
0.031724196
-0.064257406
0.08753024
0.03790893
-0.0049971147
-0.003728209
0.06573127
-0.048372224
0.044533387
0.05889067
-0.008275177
0.06335747
-0.08341586
-0.0036904523
-0.006351495
0.027882738
0.05156371
0.066539995
-0.08359393
0.010079682
-6.050854E-4
-0.024284339
0.03504643
0.017373737
-0.034039594
-0.101838455
0.015929418
9.2664175E-4
-0.029307628
-0.022031697
-0.013750238
0.032492768
0.02231417
-0.019454967
-0.05872483
-0.017162938
-0.013151151
0.014609571
-0.0807462
-9.02953E-4
-0.038347077
-0.07753157
-0.037790082
-0.014620275
-0.084625766
-0.10517492
-0.032325607
-0.004060411
-0.005485494
-0.022300884
-0.12593763
0.07387899
-0.0059386324
0.11453371
-0.0093213
0.12803747
-0.03896773
-0.08228028
-0.13098267
-0.012126021
0.053579558
0.08286469
0.016393825
-0.0026037581
-0.08577157
-0.075423464
-0.020335715
-0.01563185
0.15000805
0.07089069
0.002545354
-0.08532931
0.03300699
-0.0134597765
-0.01637406
-0.03948104
0.080175266
0.16882874
0.024694208
-0.019260356
-0.08847763
-0.10019448
-0.017450541
-0.027416775
-0.061975323
0.026717048
0.030230775
-0.017349286
0.12142286
0.014865804
0.08691761
-0.079698145
-0.09018437
-0.079892404
-0.05374061
-0.08434815
0.07266276
-0.05238282
-0.09469576
0.009584557
-0.05772967
-0.078301996
0.008329781
-0.067919634
-0.16084233
-0.05456431
-0.036838405
-0.07405372
-0.12175553
-0.0051496048
0.016204242
0.05009853
-0.025782548
-0.09935874
0.043562472
-0.10291753
0.060131792
0.026808096
0.0724363
0.091885276
0.048099056
-0.090024024
-0.102210164
-0.01828755
-0.021238796
-0.028740508
0.085828535
0.074265115
-0.057991624
-0.15872823
0.043995723
0.041443612
0.080324896
-0.034484193
-0.026325507
-0.058606673
-0.007016666
-0.07535011
-0.07814348
-0.017693069
0.020610545
-0.007820482
0.028127661
-7.2984723E-4
-0.06037611
-0.12067668
-0.08709018
-0.11670186
0.031075228
-0.08588157
0.13102409
0.22096336
0.20454197
-3.928896E-4
0.024529487
0.04400358
-0.0736789
-0.008433857
-0.094817705
0.14533149
0.1773255
0.1524748
0.13140796
0.07355345
-0.0073361397
0.10776666
-0.027079066
0.009305958
0.14043611
0.101685636
0.09444314
0.07862237
0.02930975
0.021491192
-9.777767E-4
0.0125711365
-0.13704431
0.010624875
-0.021225447
-0.075802624
0.015863769
0.054835413
-0.14601937
-0.006283341
0.06185921
0.102938995
-0.036585636
0.06386886
-0.05333657
-0.10065109
-0.12735671
-0.04342874
0.11728842
0.005119574
-0.028348312
0.039570212
-0.15109625
-0.12586285
-0.017257463
-0.059935234
0.11501468
0.01072367
-0.082080364
-0.091317184
-0.21385388
-0.18358515
-0.09864124
-0.091431744
-0.088995956
-0.10253036
-0.085825056
-0.18058042
-0.12948959
-0.14596611
-0.023149805
-0.07824766
-0.11556204
-0.13464199
-0.021288875
-0.16676994
-0.024807177
-0.009040657
0.0398712
-0.021950696
-0.053149104
0.11687045
0.1365796
0.10354143
0.010160625
0.028126718
0.08187212
0.05331754
-0.037449516
0.06824289
0.023251016
0.1396039
0.19514234
0.1383122
0.06949095
-0.027252328
-0.15997064
-0.06708202
-0.1042385
0.032527402
0.027817218
0.043003537
0.0411203
-0.05284656
-0.09304768
-0.12996095
-0.013133767
0.037979588
0.104253344
-0.04673364
-0.0954733
-0.14237632
-0.06838238
0.0045943297
-0.059182808
-0.040508155
0.12857597
0.12807545
-0.109390534
-0.08751872
-0.050983608
-0.026610173
-0.06376721
-0.07921057
0.15122986
0.11569718
0.03425769
0.14859213
-0.07473878
-0.10607215
-0.055270873
0.008666011
-0.13314696
0.06752167
0.038216464
0.042021744
-0.10011182
-0.05029357
-0.055395443
-0.10541301
-0.059414368
0.09416808
0.25836653
0.0354302
-0.0057936674
-0.025872238
0.05313221
-0.0069905166
0.02639124
-0.014305842
0.073559254
-0.11335641
-0.012683917
0.021774124
0.04382746
0.0044897124
-0.049985003
-0.0906968
0.036329493
-0.018285334
-0.026831204
0.0011103997
-0.034774352
0.044357203
0.014080538
-0.049386088
0.029275343
0.01929015
-0.024504056
-0.05480251
-0.029402522
0.023313448
0.039850626
-0.018054938
0.0063696434
-0.04044573
0.056959275
0.07585985
0.015941912
0.14484037
0.053274352
0.010267253
0.0388117
-0.08792095
0.020243166
0.019870691
0.06032785
0.017895747
0.09116997
0.09543405
0.03919015
0.0074113226
-0.005156895
0.020309951
0.11161409
0.052517645
-0.0052683973
0.04106573
-0.08264618
-0.021025345
0.009608189
-0.0013894096
-0.045364015
0.040094294
0.030568194
-0.031304166
-0.010486253
0.032079954
-0.08643839
0.03189296
-0.0035824408
0.024971772
-0.031448662
0.049256716
-0.087333255
0.03539342
0.046303216
-0.1192247
0.037504435
0.056368962
0.10459816
0.0099305995
-0.1123489
-0.06868673
-0.09971609
-0.08982145
-0.057591517
-0.028157245
0.06601875
-0.0678477
0.04768742
0.0502615
0.13866235
0.04611348
-0.021079239
-0.090230286
0.02376324
-0.06261436
-0.12783171
-0.06992419
0.072184466
0.003935448
-0.029863952
-0.00954502
-0.0112312175
0.038360726
0.08202469
-0.025091544
-0.008814457
0.08570012
0.0049479483
-0.092976816
0.025186446
-0.043686677
0.024510937
0.1250279
0.07129602
-0.007803068
1.7229852E-4
-0.03860795
0.022285324
-0.0074276556
0.066655286
0.059187762
0.06354414
0.11571703
0.07299667
-0.06620198
-0.088403106
-0.0480894
0.00779622
-0.051296715
0.019633468
-0.028879091
0.09173018
-0.019603174
-0.0629558
0.0069497973
-0.09305093
-0.11265898
-0.08402774
-0.16682896
0.03368854
-0.058892004
0.042026863
0.014088697
-0.025929661
-0.06700653
-0.08553523
0.013631399
-0.057627182
-0.019895568
-0.11165974
-0.05467903
-0.019880015
-0.11287708
-0.06791108
-0.035017487
-0.03467802
-0.029630933
-0.061337925
0.006966231
-0.09583986
0.017195093
0.06339728
0.022734718
0.06662643
-0.05937332
-0.05480041
-0.13060308
3.2794406E-4
-0.025631791
0.032175496
-6.2803086E-4
0.08838396
-0.12676664
-0.017066047
0.12612939
0.07487734
0.10978548
-0.008858489
-0.09301648
-0.027675651
-0.009338662
0.070333034
0.0034356052
-0.001843465
0.09078916
0.029234119
0.025486056
-0.07426059
-0.041600667
0.038556892
0.07547338
0.035794273
0.051010903
-0.050145257
-0.088052176
-0.047919817
-0.027468601
-0.004017495
0.03947138
0.019425716
0.05697947
-0.08897617
-0.015751107
-0.11557341
-0.089325696
-0.063287996
-0.015461567
0.016113423
0.10655727
-0.08805023
-0.026903652
-0.054361455
-0.0814588
-0.14036146
-0.016271988
-0.10372898
-0.07254614
-0.09433996
-0.049520228
-0.09173171
-0.013771087
-0.00865981
-0.114437774
-0.14861216
-0.08861248
-0.020473931
-0.13039446
-0.05149697
-0.1248279
-0.17431225
0.041890275
-0.16266836
-0.07030689
-0.08304095
-0.11557023
-0.12294206
-0.16027586
-0.18267962
-0.062486205
-0.031811535
-0.16359562
-0.054111138
-0.009661373
-0.06781815
-0.12395474
-0.015069082
0.0431948
0.10845176
0.018574575
-0.03828658
-0.02317345
0.02089218
-0.018105522
-0.09616725
-0.04741722
0.0123244785
-0.019630017
0.03227507
0.0013394118
-0.06725255
-0.09060651
-0.04906992
0.09622878
0.015035333
0.028384317
-0.06579229
-0.019155491
0.058122154
-0.14345607
-0.08924015
0.070198774
-0.006240342
-0.051214233
-0.07675151
0.025193993
-0.18269059
-0.10398589
-0.0023106681
-0.03320968
-0.0711349
-0.08567564
-0.19969106
-0.031621076
0.042153724
0.013268348
-0.12063377
0.0556106
-0.0659382
-0.03487098
-0.2020804
-0.13984737
0.04379795
0.1422716
0.027314225
-0.11697284
0.06859877
0.0527957
-0.09802622
-0.040893596
-0.02112997
-0.080324635
0.05621225
-0.16036738
-0.25699568
-0.03761106
-0.13783696
-0.05343881
0.041812763
0.018879853
-0.16485061
-0.046010472
-0.19448699
0.08488646
-0.102063626
0.058769315
0.04300781
0.03151945
-0.09606087
-0.17061502
-0.18063489
0.031966668
0.12595549
-0.0750105
0.12229783
-0.086910054
-0.09455509
-0.22803873
-0.14501815
-0.031171687
-0.07590437
-0.020883363
-0.13816436
-0.18590608
-0.2718374
-0.092946276
0.052747313
-0.17009383
-0.19937736
-0.18250439
-0.10653634
-0.2027626
-0.21288258
-0.20594615
-0.088457555
-0.006607892
0.033873245
-0.06583235
-0.14632437
-0.02295588
-0.123624
-0.18376833
-0.13867058
-0.0058998447
0.006422205
0.03940303
-0.060089182
0.0080737565
0.034001738
0.12210688
0.089044645
-0.17407997
-0.10141894
-0.124719
-0.052576814
-0.02487725
0.084976
0.15122935
0.09725036
-0.16551012
-0.13132885
-0.2186934
0.07641951
0.038033534
0.19801721
0.17648561
0.0944122
-0.12950295
-0.35264552
-0.19573432
-0.05943003
0.19098078
0.08907273
0.060813278
0.113688506
0.19452038
-0.402949
-0.23873566
-0.06638585
0.032594208
-0.01855111
-0.07687112
-0.018487498
0.046748478
-0.075022995
-0.12731753
-0.07550858
-0.057881508
-0.060322005
-0.02641525
-0.20396435
-0.22375457
-0.30201066
-0.12977563
0.05138687
-0.007554218
0.0422374
-0.19467427
-0.2597877
0.021818897
-0.01263439
-0.06368512
-0.04767366
0.02394736
0.08249534
0.06402825
0.026961356
0.10780212
0.096493594
0.087337
0.11653638
-0.05363378
0.0901381
0.14091933
0.076447204
-0.10091494
-0.14799166
-0.002621402
-0.07902127
0.083300814
0.035086714
0.095746085
0.16890128
0.115362495
-0.22504646
-0.19383
-0.10926434
-0.31019077
-0.09107811
0.051267
-0.17602314
-0.04893364
-0.08974354
-0.115822405
-0.054946095
-0.1152917
-0.0718965
-0.18399571
-0.21512546
-0.3354012
0.038677532
-0.18929307
-0.045431003
-0.115981534
-0.08943779
-0.10985619
-0.29421285
-0.2208158
0.13865039
0.07588436
-0.20313855
-0.032851834
-0.09218117
-0.2303846
-0.32490134
-0.07765267
0.035377614
0.3137277
0.0934514
-0.055525333
-0.12930028
-0.38379583
-0.25429025
-0.101676024
0.19219951
0.07521151
0.21644554
0.0345584
-0.21580803
-0.27293655
-0.220076
-0.103692375
0.039978467
0.22541632
0.0027628187
0.1212523
-0.15897897
-0.19369726
-0.27122137
0.03736883
0.03610606
-0.011035727
0.07004453
0.050777446
-0.009209406
-0.03283311
-0.06148926
-0.034241203
0.0289024
-0.015076664
-0.095143735
-0.3877254
-0.11058911
0.034644876
0.080696
-0.08774049
-0.026484761
-0.0011923155
0.0042282646
0.025941335
0.0026475054
-0.04593844
-0.06698818
0.049247727
-0.051330995
0.007143825
0.08432002
0.062364288
0.059400696
-0.042355917
-0.1053478
0.056234673
0.14333345
-0.058704827
-0.050305728
-0.102828085
-0.08374101
-0.014265394
0.04325975
-0.0111075975
0.15528543
0.13595626
0.03320667
-0.1003496
-0.06098336
0.0059748236
0.1698784
0.14200577
0.0035696067
0.12905842
0.03008272
-0.10116436
-0.2599734
-0.024920203
0.07021052
0.09237761
0.13016984
0.116222166
-0.05079502
-0.018999007
-0.018878432
-0.034297403
-0.064779475
0.072676934
0.06318278
0.081331775
0.037775517
-0.12149453
-0.007209107
-0.035688274
-0.0071329563
-1.9504456E-5
0.055118755
-0.009284431
0.08283552
-0.11881967
-0.023193073
0.083967865
0.029516745
-0.16402608
-0.07586453
-0.122937396
0.041195653
-0.08445042
0.041880153
0.010343376
-0.0059606545
-0.035006147
0.050745297
0.039428897
0.02674339
0.049515747
0.1698969
-0.0070163375
-0.043516673
0.061748542
0.10371771
0.16064523
0.11531868
0.0069507123
0.029863559
0.15804218
0.10661753
-0.039582744
0.051013157
0.09328243
-0.012474034
0.028308323
-0.0014033489
-0.029369874
-0.06785482
0.023361923
-0.16571854
0.030092908
0.030531924
0.093954094
0.14513499
0.09704053
0.043956697
-0.18923146
-0.08545289
-0.07043901
-0.04274888
0.015116448
0.109416485
0.18602546
0.18387908
0.037366387
-0.116940826
-0.14387631
-0.047870036
0.060338967
0.00706068
-0.05574617
-0.06537542
-0.0375744
-0.024061166
0.03461562
-0.014188001
-0.119261056
0.021613263
0.06507939
-0.03825669
-0.07350078
-0.0865438
-0.027682822
0.13294367
0.002056037
0.039632987
0.12409921
0.013712595
-0.10653244
-0.0055866376
0.0703845
-0.0019308002
0.04419009
0.050843634
0.087169625
-0.0786874
-0.19614378
-0.082787104
0.043808866
0.029892601
-0.016638124
0.18911316
0.09522992
-0.02149412
0.03418433
-0.019157434
-0.053242132
0.027518988
0.016368814
0.03317066
0.013301789
-0.018540742
0.028365228
-0.028228637
-0.10676889
0.022818096
-0.023198826
0.047159184
0.15401854
0.13343254
0.058370315
-0.018357601
0.015587273
-0.020590331
-0.038418375
0.019808631
0.013475952
0.02833418
-0.016328722
-0.035902105
-0.06166838
0.023436453
0.0932658
0.02534489
-0.011545887
0.07993706
-0.011889064
-0.029150203
0.077032626
-0.052113254
-0.08617938
0.0045530098
0.070240125
-0.02696127
-9.048972E-4
-0.01667033
-0.12485982
-0.078013025
0.0028876727
-0.059654903
-0.061333336
0.116550505
0.09148342
-0.06986985
0.044803474
-0.05533467
-0.08064758
-0.048451908
-0.033658043
-0.031970948
0.085176185
0.07423143
0.052047946
-0.01890678
-0.028363083
0.031786405
-0.10488216
0.003387601
-8.7764673E-4
-0.04236992
-0.0047161947
0.033075653
0.014315449
-0.085034624
-0.017325986
0.045573417
-0.115518175
-0.0061180573
-0.051369354
0.029645968
-0.0439145
0.03139938
-0.05694022
0.022599146
-0.038078267
0.04271516
-0.06042669
0.03217063
-0.06167313
0.016120978
0.07588425
-0.14656243
-0.054049026
0.030371904
0.055135593
-0.020119501
-0.0420702
-0.111950174
-0.03972534
0.119637445
0.23890793
0.25610772
0.03516991
-0.03633956
0.017405206
0.07711351
-0.011782657
-0.003075976
0.017437298
0.034890715
0.21065342
-0.04317386
0.057834223
-0.07143991
0.12724015
0.158008
-0.061649274
-0.020379478
0.019233339
0.096741565
0.14733799
0.03732106
0.031734936
0.08014682
-0.018540762
-0.13179527
-0.0085999835
0.041473433
-0.055277377
0.09903154
-0.05252702
-0.07767759
-0.0987171
0.02324483
-0.017559431
0.022353962
-0.022887954
-0.1453906
0.036511377
0.047919806
0.0013028181
-0.008834794
-0.009472355
-0.027149841
-0.047687188
-0.11476358
-0.25213122
0.13657877
0.025414716
-0.044908445
0.10197679
0.13653031
-0.11048556
-0.13342966
-0.1515234
-0.057997305
0.029211419
0.05966509
-0.029969791
0.06668195
-0.0707005
-0.089549325
0.048384838
-0.061135624
0.13432077
-0.14638786
-0.19094332
-0.12271832
-0.10486378
-0.17650609
-0.090445206
-0.16594194
-0.08095095
0.08138144
-0.18759044
-0.3042279
-0.10876248
0.008256681
-0.05477715
0.009988444
-0.10740947
-0.22958891
-0.20473434
-0.23370446
-0.12799852
0.039632507
0.08773989
0.16201751
0.096328855
-0.11704113
-0.23735805
-0.024453599
-0.14661418
-0.047244065
-0.07156634
0.049086034
0.047499873
-0.02632099
-0.07384277
-0.05005578
0.07025707
0.13541836
0.060210314
0.0073338803
-0.0635115
-0.12735015
0.008720353
-0.022426229
0.06518018
0.118734606
0.06261128
0.019976577
0.043074705
-0.07631801
-0.08542292
-0.021232212
0.04809785
0.054469462
-0.15323599
-0.026969682
0.14262563
0.04648919
-0.03425333
0.10352563
-0.014560271
-0.21496186
-0.22545211
-0.21331652
0.028939027
0.013797149
0.04817601
0.037760273
-0.0011444651
-0.030862588
-0.10628645
-0.14314185
-0.1520143
-0.2126576
-0.10693526
-0.038203336
0.030960076
0.021092089
-8.4054656E-5
-0.13895246
-0.12986274
-0.04200158
-0.08781762
-0.14439134
0.010976743
0.070447646
-0.052021407
-0.03860352
-0.0414003
-0.043097798
0.026513005
0.042408384
0.057097904
0.17115282
0.081116155
0.067551605
0.122053914
-0.025786627
0.014418054
0.030823529
0.15203139
0.12934305
0.0040558428
-0.10111256
-0.14478554
-0.06449944
-0.022825213
0.053189818
0.1983226
0.12032612
0.18249577
-0.14454958
-0.0750067
-0.060058597
-0.09757865
-0.1374058
0.10625645
0.13069332
-0.019092675
-0.021044793
-0.13125762
0.012975564
-0.0050061457
-0.022716355
-0.025650581
0.008182445
0.031406455
-0.28186128
-0.17759843
-0.025295665
-0.0025428552
0.15553263
0.014509216
-0.0016827527
-0.07923169
-0.06822218
-0.27669048
-0.12515567
0.06340938
0.116276525
0.13787173
-0.009871642
-0.03727217
-0.07799829
0.0064793946
-0.14041546
0.0024120063
0.09860556
-0.03296323
-0.0037767813
-0.033049624
-0.0058513135
-0.020027788
0.04339895
0.08716442
0.21404415
0.11908795
0.21327436
-0.11697886
0.011409583
0.09282969
0.022464147
0.049799647
0.034181703
0.099649884
-0.029361065
-0.028045896
0.0024421618
0.008363454
-0.049707733
-0.05870715
0.045807123
-0.0015060821
-0.067078054
-0.0035076307
0.09349097
-0.0131911505
0.028745962
-0.020591473
-0.07127454
-0.014196478
-0.038037598
-0.045071613
-0.111078754
-0.042005494
0.023081055
-0.09460116
-0.035720035
-0.03146389
0.010936878
-0.03584006
-0.044150997
-0.025698494
-0.01614429
0.032343935
-0.06411163
-0.050381724
-0.0069854055
0.05956291
-0.008233262
0.052208293
0.067898564
-0.023590878
-0.012058776
0.01695832
-0.022152998
-0.030534355
0.046857096
0.10319487
0.07655108
-0.015584211
0.0018300593
-0.076372094
0.06367269
-0.020126374
0.049752247
0.07633441
0.021644067
0.03302835
0.010076229
0.12166064
0.07202896
-0.0014967374
-0.062234614
-0.013651612
-0.04937579
0.040828753
-0.0051509757
-0.008246045
0.011863219
0.11256108
0.03155712
-0.12106437
3.0462234E-4
0.028301803
0.012688279
0.023339855
-0.008441279
0.06691586
0.020630328
-0.045317333
0.07642698
0.04981928
0.03769037
-0.03487898
-0.025630802
-0.053540852
0.09663975
-0.041127376
-0.059148036
-0.1462317
-0.09460658
-0.076541625
0.08405661
-0.05125813
-0.12236838
-0.0453664
0.0033423863
0.14161426
0.18318579
0.018332336
-0.13411377
0.031738635
-0.015405009
-0.01591028
0.0389582
0.013497266
-0.009473659
0.13978854
0.19012764
0.066654086
0.05817955
0.057576615
0.06852038
-0.0051928945
-0.028410148
0.016730111
-0.08805873
-0.032205842
0.01733746
0.038681842
-0.107866704
-0.08880267
0.010703116
-0.05525498
0.06011237
-0.026552241
-0.049542576
0.04427469
-0.08606526
-0.07569922
-0.023733906
0.05130142
0.124375336
0.100048885
-0.08357419
-0.112915926
-0.102504
-0.1570931
-0.033338845
-0.038020127
0.10476042
0.19880188
-0.01417356
-0.012718301
-0.0024290918
0.015468057
-0.04183427
0.012476218
0.097318985
-0.017611338
0.060472246
0.03815351
-0.04376645
-0.016900502
0.0017518355
0.022023235
0.043232866
0.01361624
-0.0033974163
-0.0016318029
0.08509481
-0.085545115
0.008725639
-0.059731424
-0.32579598
0.7525559
-0.13124849
0.14359789
0.07372981
-0.17676312
0.27937275
-0.31258643
0.25274542
0.3699903